1 80
001	1	2
001	1	3
001	2	3
002	1	2
003	1	2
003	1	3
003	2	3
004	1	2
005	1	2
005	1	3
005	2	3
006	1	2
006	1	3
006	2	3
007	1	2
007	1	3
007	2	3
008	1	2
008	1	3
008	2	3
009	1	2
009	1	3
009	2	3
010	1	2
010	1	3
010	2	3
011	1	2
011	1	3
011	2	3
012	1	2
012	1	3
012	2	3
013	1	2
013	1	3
013	2	3
014	1	2
014	1	3
014	2	3
015	1	2
015	1	3
015	2	3
016	1	3
016	2	3
017	1	2
017	2	3
018	1	2
018	1	3
018	2	3
019	1	2
019	1	3
019	2	3
020	1	2
020	1	3
020	2	3
021	1	2
021	1	3
021	2	3
022	1	2
022	1	3
022	2	3
023	1	2
023	1	3
023	2	3
024	1	2
024	1	3
024	2	3
025	1	2
025	1	3
026	1	2
026	1	3
026	2	3
027	1	2
027	1	3
027	2	3
028	1	2
028	2	3
029	1	2
029	2	3
030	1	2
030	2	3
001	1	002	1
001	1	004	1
001	1	019	2
001	1	022	1
001	2	004	2
001	2	005	2
001	2	006	3
002	1	003	1
002	1	022	3
002	2	004	2
002	2	010	2
002	2	023	2
002	2	027	1
002	2	030	1
003	1	005	2
003	1	008	2
003	1	020	1
003	2	007	1
003	2	010	1
003	2	018	1
003	3	004	2
003	3	014	1
004	1	008	1
004	1	018	2
004	1	019	3
005	2	008	3
006	2	015	1
006	2	029	2
007	1	020	2
007	1	022	3
007	3	009	3
008	2	018	1
008	2	019	2
008	2	020	3
008	2	025	2
008	2	029	3
008	3	024	1
009	1	021	1
009	2	028	1
009	3	011	2
009	3	024	1
009	3	026	3
010	1	011	2
010	2	016	2
010	2	020	3
011	1	012	2
011	1	017	2
011	1	019	3
011	1	022	2
011	1	023	1
012	2	026	1
012	3	022	1
013	3	019	1
014	1	023	3
014	3	026	2
014	3	030	3
015	1	022	2
015	3	020	1
015	3	025	2
016	1	022	3
016	3	024	3
017	1	020	1
017	1	025	2
017	1	027	1
017	1	028	3
017	2	023	1
018	1	025	2
018	2	029	2
018	3	024	2
019	1	029	1
020	1	027	2
021	2	023	1
021	2	026	2
021	3	026	1
023	1	026	1
024	3	030	2
025	2	026	1
026	1	028	2
027	1	029	2
029	1	030	3
